reset
set terminal qt enhanced persist
set terminal svg enhanced background "#ffffff"
set output "gravity_anomaly.svg"
unset key
set size ratio -1
set title "Gravity anomaly"
set xlabel "x [m]"
set ylabel "y [m]"
set xrange [0:128]
set yrange [0:128]
set palette rgb 33,13,10
set colorbox
set cblabel "mGal"
set cbrange [-0.0017196998883627513:0.0017196998883627513]
set cbrange [0:0.002]

$gravity << EOD
# x y value
2 2 9.1223912998194646E-06
6 2 1.0021485075385651E-05
10 2 1.100244882934936E-05
14 2 1.2065721921631824E-05
18 2 1.3208635445093062E-05
22 2 1.4424350660795198E-05
26 2 1.5700718928617737E-05
30 2 1.7019189439849239E-05
34 2 1.835396197461694E-05
38 2 1.9671649551225976E-05
42 2 2.0931753775495675E-05
46 2 2.2088228239727444E-05
50 2 2.3092278525975174E-05
54 2 2.3896309303611636E-05
58 2 2.4458612618438388E-05
62 2 2.4748084706887691E-05
66 2 2.4748084706887691E-05
70 2 2.4458612618438385E-05
74 2 2.3896309303611636E-05
78 2 2.3092278525975177E-05
82 2 2.2088228239727447E-05
86 2 2.0931753775495675E-05
90 2 1.9671649551225976E-05
94 2 1.835396197461694E-05
98 2 1.7019189439849239E-05
102 2 1.5700718928617741E-05
106 2 1.4424350660795198E-05
110 2 1.3208635445093064E-05
114 2 1.2065721921631823E-05
118 2 1.100244882934936E-05
122 2 1.0021485075385651E-05
126 2 9.1223912998194646E-06

2 6 1.0021485075385651E-05
6 6 1.1078611957584397E-05
10 6 1.2244524276626246E-05
14 6 1.3522798106103865E-05
18 6 1.4913436306430823E-05
22 6 1.6411312452453792E-05
26 6 1.8004377170713694E-05
30 6 1.9671775562918837E-05
34 6 2.1382150101628768E-05
38 6 2.3092545571116541E-05
42 6 2.4748449624947376E-05
46 6 2.6285525492836914E-05
50 6 2.763344079987507E-05
54 6 2.8721813537915489E-05
58 6 2.9487711881645044E-05
62 6 2.9883513723069145E-05
66 6 2.9883513723069145E-05
70 6 2.9487711881645037E-05
74 6 2.8721813537915489E-05
78 6 2.763344079987507E-05
82 6 2.6285525492836911E-05
86 6 2.4748449624947376E-05
90 6 2.3092545571116545E-05
94 6 2.1382150101628768E-05
98 6 1.9671775562918837E-05
102 6 1.8004377170713694E-05
106 6 1.6411312452453792E-05
110 6 1.4913436306430823E-05
114 6 1.3522798106103865E-05
118 6 1.2244524276626246E-05
122 6 1.1078611957584397E-05
126 6 1.0021485075385651E-05

2 10 1.100244882934936E-05
6 10 1.2244524276626246E-05
10 10 1.36302963217062E-05
14 10 1.5168442457916938E-05
18 10 1.6863817990174684E-05
22 10 1.8715249114140729E-05
26 10 2.0712800343208053E-05
30 10 2.2834654970008464E-05
34 10 2.5043955034717508E-05
38 10 2.7286222096003399E-05
42 10 2.9488266131825171E-05
46 10 3.1559664795111437E-05
50 10 3.3397778527249245E-05
54 10 3.4896687374935284E-05
58 10 3.595936381177875E-05
62 10 3.6511085056898797E-05
66 10 3.6511085056898797E-05
70 10 3.595936381177875E-05
74 10 3.4896687374935277E-05
78 10 3.3397778527249245E-05
82 10 3.1559664795111437E-05
86 10 2.9488266131825171E-05
90 10 2.7286222096003399E-05
94 10 2.5043955034717512E-05
98 10 2.2834654970008464E-05
102 10 2.0712800343208056E-05
106 10 1.8715249114140729E-05
110 10 1.6863817990174684E-05
114 10 1.5168442457916935E-05
118 10 1.3630296321706196E-05
122 10 1.2244524276626246E-05
126 10 1.1002448829349359E-05

2 14 1.2065721921631824E-05
6 14 1.3522798106103865E-05
10 14 1.5168442457916938E-05
14 14 1.7019293263881123E-05
18 14 1.9088422148217063E-05
22 14 2.1382333287884344E-05
26 14 2.3896951350620115E-05
30 14 2.6612642489731436E-05
34 14 2.94886264006081E-05
38 14 3.2457628302285773E-05
42 14 3.5422239207025187E-05
46 14 3.8255010335090611E-05
50 14 4.0804434479611446E-05
54 14 4.2908203114032094E-05
58 14 4.4413205629034948E-05
62 14 4.5198991783063082E-05
66 14 4.5198991783063082E-05
70 14 4.4413205629034955E-05
74 14 4.2908203114032087E-05
78 14 4.0804434479611446E-05
82 14 3.8255010335090611E-05
86 14 3.5422239207025187E-05
90 14 3.2457628302285773E-05
94 14 2.94886264006081E-05
98 14 2.6612642489731436E-05
102 14 2.3896951350620111E-05
106 14 2.1382333287884344E-05
110 14 1.9088422148217063E-05
114 14 1.7019293263881123E-05
118 14 1.5168442457916938E-05
122 14 1.3522798106103865E-05
126 14 1.2065721921631823E-05

2 18 1.3208635445093066E-05
6 18 1.4913436306430823E-05
10 18 1.6863817990174684E-05
14 18 1.9088422148217063E-05
18 18 2.1613565395192529E-05
22 18 2.4459391601077663E-05
26 18 2.7634252428861674E-05
30 18 3.1127085601609523E-05
34 18 3.489797017842634E-05
38 18 3.8867834693049019E-05
42 18 4.2909514175692595E-05
46 18 4.6843772877891168E-05
50 18 5.0444857447791365E-05
54 18 5.3459501924053295E-05
58 18 5.5640030938568252E-05
62 18 5.6786447625625017E-05
66 18 5.6786447625625017E-05
70 18 5.5640030938568252E-05
74 18 5.3459501924053309E-05
78 18 5.0444857447791365E-05
82 18 4.6843772877891161E-05
86 18 4.2909514175692595E-05
90 18 3.8867834693049019E-05
94 18 3.4897970178426333E-05
98 18 3.1127085601609523E-05
102 18 2.7634252428861671E-05
106 18 2.4459391601077663E-05
110 18 2.1613565395192529E-05
114 18 1.9088422148217063E-05
118 18 1.6863817990174684E-05
122 18 1.4913436306430823E-05
126 18 1.3208635445093062E-05

2 22 1.4424350660795198E-05
6 22 1.6411312452453788E-05
10 22 1.8715249114140729E-05
14 22 2.1382333287884344E-05
18 22 2.4459391601077663E-05
22 22 2.7989397642341803E-05
26 22 3.2004106193367211E-05
30 22 3.6512987829032676E-05
34 22 4.1488013714921234E-05
38 22 4.6844955965819669E-05
42 22 5.2424035914003222E-05
46 22 5.7975935076225814E-05
50 22 6.3162378361246633E-05
54 22 6.7581257324359292E-05
58 22 7.0821332177531919E-05
62 22 7.2539594366529821E-05
66 22 7.2539594366529821E-05
70 22 7.0821332177531919E-05
74 22 6.7581257324359306E-05
78 22 6.3162378361246633E-05
82 22 5.7975935076225814E-05
86 22 5.2424035914003222E-05
90 22 4.6844955965819669E-05
94 22 4.1488013714921234E-05
98 22 3.6512987829032683E-05
102 22 3.2004106193367211E-05
106 22 2.7989397642341803E-05
110 22 2.445939160107766E-05
114 22 2.1382333287884344E-05
118 22 1.8715249114140726E-05
122 22 1.6411312452453788E-05
126 22 1.4424350660795195E-05

2 26 1.5700718928617737E-05
6 26 1.8004377170713694E-05
10 26 2.0712800343208056E-05
14 26 2.3896951350620115E-05
18 26 2.7634252428861671E-05
22 26 3.2004106193367211E-05
26 26 3.7079200570558407E-05
30 26 4.2910606760860828E-05
34 26 4.9504692060938524E-05
38 26 5.6791012711151737E-05
42 26 6.4583664863823855E-05
46 26 7.2544912463292819E-05
50 26 8.0168499380632802E-05
54 26 8.6806299036147646E-05
58 26 9.1756942757290969E-05
62 26 9.4411127530010411E-05
66 26 9.4411127530010411E-05
70 26 9.1756942757290983E-05
74 26 8.6806299036147659E-05
78 26 8.0168499380632802E-05
82 26 7.2544912463292819E-05
86 26 6.4583664863823855E-05
90 26 5.6791012711151751E-05
94 26 4.9504692060938524E-05
98 26 4.2910606760860828E-05
102 26 3.7079200570558414E-05
106 26 3.2004106193367211E-05
110 26 2.7634252428861671E-05
114 26 2.3896951350620115E-05
118 26 2.0712800343208056E-05
122 26 1.800437717071369E-05
126 26 1.5700718928617741E-05

2 30 1.7019189439849239E-05
6 30 1.9671775562918837E-05
10 30 2.2834654970008464E-05
14 30 2.6612642489731436E-05
18 30 3.1127085601609523E-05
22 30 3.6512987829032683E-05
26 30 4.2910606760860828E-05
30 30 5.0447677484765811E-05
34 30 5.9207241604698126E-05
38 30 6.917615558195272E-05
42 30 8.0173096451365645E-05
46 30 9.1765725535824697E-05
50 30 0.00010320658802667419
54 30 0.00011344024220429541
58 30 0.0001212386474149617
62 30 0.00012547823935499483
66 30 0.00012547823935499483
70 30 0.0001212386474149617
74 30 0.00011344024220429541
78 30 0.00010320658802667419
82 30 9.1765725535824697E-05
86 30 8.0173096451365645E-05
90 30 6.917615558195272E-05
94 30 5.9207241604698126E-05
98 30 5.0447677484765818E-05
102 30 4.2910606760860828E-05
106 30 3.6512987829032683E-05
110 30 3.1127085601609523E-05
114 30 2.6612642489731436E-05
118 30 2.2834654970008464E-05
122 30 1.9671775562918837E-05
126 30 1.7019189439849239E-05

2 34 1.835396197461694E-05
6 34 2.1382150101628768E-05
10 34 2.5043955034717512E-05
14 34 2.94886264006081E-05
18 34 3.489797017842634E-05
22 34 4.1488013714921234E-05
26 34 4.9504692060938524E-05
30 34 5.9207241604698126E-05
34 34 7.0829225075893452E-05
38 34 8.4503543316365531E-05
42 34 0.00010013850469923395
46 34 0.0001172459770823726
50 34 0.00013476201430645901
54 34 0.00015096622322679406
58 34 0.00016365729183750332
62 34 0.00017068208208280994
66 34 0.00017068208208280997
70 34 0.00016365729183750335
74 34 0.00015096622322679406
78 34 0.00013476201430645901
82 34 0.0001172459770823726
86 34 0.00010013850469923395
90 34 8.4503543316365531E-05
94 34 7.0829225075893452E-05
98 34 5.9207241604698139E-05
102 34 4.9504692060938524E-05
106 34 4.1488013714921234E-05
110 34 3.4897970178426333E-05
114 34 2.94886264006081E-05
118 34 2.5043955034717512E-05
122 34 2.1382150101628768E-05
126 34 1.835396197461694E-05

2 38 1.9671649551225976E-05
6 38 2.3092545571116541E-05
10 38 2.7286222096003399E-05
14 38 3.245762830228578E-05
18 38 3.8867834693049019E-05
22 38 4.6844955965819669E-05
26 38 5.6791012711151737E-05
30 38 6.917615558195272E-05
34 38 8.4503543316365531E-05
38 38 0.00010321622390056079
42 38 0.00012550577728697533
46 38 0.00015098784833339851
50 38 0.0001782696964647285
54 38 0.00020459251265779929
58 38 0.00022594425411348289
62 38 0.00023804342710158802
66 38 0.00023804342710158802
70 38 0.00022594425411348284
74 38 0.00020459251265779929
78 38 0.0001782696964647285
82 38 0.00015098784833339851
86 38 0.00012550577728697533
90 38 0.00010321622390056079
94 38 8.4503543316365545E-05
98 38 6.917615558195272E-05
102 38 5.6791012711151751E-05
106 38 4.6844955965819669E-05
110 38 3.8867834693049019E-05
114 38 3.245762830228578E-05
118 38 2.7286222096003399E-05
122 38 2.3092545571116545E-05
126 38 1.9671649551225976E-05

2 42 2.0931753775495675E-05
6 42 2.4748449624947376E-05
10 42 2.9488266131825165E-05
14 42 3.5422239207025187E-05
18 42 4.2909514175692595E-05
22 42 5.2424035914003222E-05
26 42 6.4583664863823855E-05
30 42 8.0173096451365645E-05
34 42 0.00010013850469923394
38 42 0.00012550577728697533
42 42 0.00015713290485395133
46 42 0.00019516783897966081
50 42 0.00023812480626726767
54 42 0.00028178982690129598
58 42 0.0003188309217572875
62 42 0.00034047290933130527
66 42 0.00034047290933130538
70 42 0.0003188309217572875
74 42 0.00028178982690129598
78 42 0.00023812480626726762
82 42 0.00019516783897966078
86 42 0.00015713290485395133
90 42 0.00012550577728697533
94 42 0.00010013850469923395
98 42 8.0173096451365645E-05
102 42 6.4583664863823855E-05
106 42 5.2424035914003222E-05
110 42 4.2909514175692595E-05
114 42 3.5422239207025187E-05
118 42 2.9488266131825165E-05
122 42 2.4748449624947376E-05
126 42 2.0931753775495675E-05

2 46 2.2088228239727444E-05
6 46 2.6285525492836914E-05
10 46 3.1559664795111437E-05
14 46 3.8255010335090611E-05
18 46 4.6843772877891168E-05
22 46 5.7975935076225807E-05
26 46 7.2544912463292819E-05
30 46 9.1765725535824697E-05
34 46 0.0001172459770823726
38 46 0.00015098784833339851
42 46 0.00019516783897966081
46 46 0.00025138580088449112
50 46 0.00031894904115871317
54 46 0.00039210166715053453
58 46 0.00045774358393403512
62 46 0.00049763614803194334
66 46 0.00049763614803194345
70 46 0.00045774358393403501
74 46 0.00039210166715053453
78 46 0.00031894904115871317
82 46 0.00025138580088449112
86 46 0.00019516783897966081
90 46 0.00015098784833339848
94 46 0.0001172459770823726
98 46 9.1765725535824697E-05
102 46 7.2544912463292819E-05
106 46 5.7975935076225807E-05
110 46 4.6843772877891161E-05
114 46 3.8255010335090618E-05
118 46 3.1559664795111437E-05
122 46 2.6285525492836914E-05
126 46 2.2088228239727444E-05

2 50 2.3092278525975174E-05
6 50 2.763344079987507E-05
10 50 3.3397778527249238E-05
14 50 4.0804434479611439E-05
18 50 5.0444857447791365E-05
22 50 6.3162378361246633E-05
26 50 8.0168499380632802E-05
30 50 0.00010320658802667419
34 50 0.00013476201430645901
38 50 0.0001782696964647285
42 50 0.00023812480626726767
46 50 0.00031894904115871317
50 50 0.00042295536240248728
54 50 0.00054405797560947474
58 50 0.00066029522983899027
62 50 0.00073444379770544672
66 50 0.00073444379770544672
70 50 0.00066029522983899027
74 50 0.00054405797560947474
78 50 0.00042295536240248728
82 50 0.00031894904115871311
86 50 0.00023812480626726762
90 50 0.0001782696964647285
94 50 0.00013476201430645901
98 50 0.0001032065880266742
102 50 8.0168499380632802E-05
106 50 6.3162378361246633E-05
110 50 5.0444857447791358E-05
114 50 4.0804434479611439E-05
118 50 3.3397778527249238E-05
122 50 2.763344079987507E-05
126 50 2.3092278525975177E-05

2 54 2.3896309303611636E-05
6 54 2.8721813537915489E-05
10 54 3.4896687374935284E-05
14 54 4.2908203114032094E-05
18 54 5.3459501924053295E-05
22 54 6.7581257324359292E-05
26 54 8.6806299036147646E-05
30 54 0.00011344024220429541
34 54 0.00015096622322679406
38 54 0.00020459251265779932
42 54 0.00028178982690129598
46 54 0.00039210166715053453
50 54 0.00054405797560947474
54 54 0.0007349436609131616
58 54 0.00093206924479772061
62 54 0.0010647906751496765
66 54 0.0010647906751496768
70 54 0.00093206924479772061
74 54 0.0007349436609131616
78 54 0.00054405797560947474
82 54 0.00039210166715053453
86 54 0.00028178982690129603
90 54 0.00020459251265779929
94 54 0.00015096622322679406
98 54 0.00011344024220429541
102 54 8.6806299036147646E-05
106 54 6.7581257324359292E-05
110 54 5.3459501924053295E-05
114 54 4.2908203114032087E-05
118 54 3.4896687374935277E-05
122 54 2.8721813537915489E-05
126 54 2.3896309303611633E-05

2 58 2.4458612618438388E-05
6 58 2.9487711881645044E-05
10 58 3.595936381177875E-05
14 58 4.4413205629034948E-05
18 58 5.5640030938568252E-05
22 58 7.0821332177531919E-05
26 58 9.1756942757290969E-05
30 58 0.0001212386474149617
34 58 0.00016365729183750332
38 58 0.00022594425411348284
42 58 0.0003188309217572875
46 58 0.00045774358393403512
50 58 0.00066029522983899027
54 58 0.00093206924479772061
58 58 0.0012317597466145241
62 58 0.0014437003575877201
66 58 0.0014437003575877201
70 58 0.0012317597466145241
74 58 0.00093206924479772061
78 58 0.00066029522983899027
82 58 0.00045774358393403501
86 58 0.0003188309217572875
90 58 0.00022594425411348284
94 58 0.00016365729183750332
98 58 0.0001212386474149617
102 58 9.1756942757290983E-05
106 58 7.0821332177531919E-05
110 58 5.5640030938568252E-05
114 58 4.4413205629034948E-05
118 58 3.595936381177875E-05
122 58 2.9487711881645037E-05
126 58 2.4458612618438385E-05

2 62 2.4748084706887691E-05
6 62 2.9883513723069145E-05
10 62 3.6511085056898797E-05
14 62 4.5198991783063082E-05
18 62 5.6786447625625017E-05
22 62 7.2539594366529834E-05
26 62 9.4411127530010411E-05
30 62 0.00012547823935499483
34 62 0.00017068208208280994
38 62 0.00023804342710158802
42 62 0.00034047290933130538
46 62 0.00049763614803194334
50 62 0.00073444379770544672
54 62 0.0010647906751496765
58 62 0.0014437003575877201
62 62 0.0017196998883627509
66 62 0.0017196998883627513
70 62 0.0014437003575877201
74 62 0.0010647906751496768
78 62 0.00073444379770544672
82 62 0.00049763614803194334
86 62 0.00034047290933130532
90 62 0.00023804342710158802
94 62 0.00017068208208280997
98 62 0.00012547823935499483
102 62 9.4411127530010411E-05
106 62 7.2539594366529834E-05
110 62 5.6786447625625017E-05
114 62 4.5198991783063089E-05
118 62 3.6511085056898797E-05
122 62 2.9883513723069142E-05
126 62 2.4748084706887694E-05

2 66 2.4748084706887691E-05
6 66 2.9883513723069145E-05
10 66 3.6511085056898797E-05
14 66 4.5198991783063082E-05
18 66 5.6786447625625017E-05
22 66 7.2539594366529821E-05
26 66 9.4411127530010411E-05
30 66 0.00012547823935499483
34 66 0.00017068208208280997
38 66 0.00023804342710158802
42 66 0.00034047290933130527
46 66 0.00049763614803194345
50 66 0.00073444379770544682
54 66 0.0010647906751496768
58 66 0.0014437003575877201
62 66 0.0017196998883627513
66 66 0.0017196998883627513
70 66 0.0014437003575877201
74 66 0.0010647906751496768
78 66 0.00073444379770544682
82 66 0.00049763614803194334
86 66 0.00034047290933130527
90 66 0.00023804342710158802
94 66 0.00017068208208280997
98 66 0.00012547823935499483
102 66 9.4411127530010411E-05
106 66 7.2539594366529834E-05
110 66 5.6786447625625017E-05
114 66 4.5198991783063075E-05
118 66 3.6511085056898797E-05
122 66 2.9883513723069145E-05
126 66 2.4748084706887694E-05

2 70 2.4458612618438385E-05
6 70 2.9487711881645037E-05
10 70 3.595936381177875E-05
14 70 4.4413205629034955E-05
18 70 5.5640030938568252E-05
22 70 7.0821332177531919E-05
26 70 9.1756942757290983E-05
30 70 0.0001212386474149617
34 70 0.00016365729183750335
38 70 0.00022594425411348284
42 70 0.0003188309217572875
46 70 0.00045774358393403501
50 70 0.00066029522983899027
54 70 0.00093206924479772039
58 70 0.0012317597466145241
62 70 0.0014437003575877203
66 70 0.0014437003575877201
70 70 0.0012317597466145244
74 70 0.00093206924479772061
78 70 0.00066029522983899027
82 70 0.00045774358393403501
86 70 0.0003188309217572875
90 70 0.00022594425411348289
94 70 0.00016365729183750335
98 70 0.0001212386474149617
102 70 9.1756942757290983E-05
106 70 7.0821332177531919E-05
110 70 5.5640030938568252E-05
114 70 4.4413205629034955E-05
118 70 3.595936381177875E-05
122 70 2.9487711881645037E-05
126 70 2.4458612618438388E-05

2 74 2.3896309303611636E-05
6 74 2.8721813537915496E-05
10 74 3.4896687374935277E-05
14 74 4.2908203114032087E-05
18 74 5.3459501924053295E-05
22 74 6.7581257324359292E-05
26 74 8.6806299036147632E-05
30 74 0.00011344024220429541
34 74 0.00015096622322679406
38 74 0.00020459251265779929
42 74 0.00028178982690129598
46 74 0.00039210166715053453
50 74 0.00054405797560947474
54 74 0.00073494366091316171
58 74 0.00093206924479772061
62 74 0.0010647906751496765
66 74 0.0010647906751496765
70 74 0.00093206924479772061
74 74 0.00073494366091316171
78 74 0.00054405797560947474
82 74 0.00039210166715053453
86 74 0.00028178982690129598
90 74 0.00020459251265779929
94 74 0.00015096622322679406
98 74 0.00011344024220429541
102 74 8.6806299036147646E-05
106 74 6.7581257324359292E-05
110 74 5.3459501924053295E-05
114 74 4.2908203114032087E-05
118 74 3.4896687374935277E-05
122 74 2.8721813537915489E-05
126 74 2.3896309303611636E-05

2 78 2.309227852597517E-05
6 78 2.763344079987507E-05
10 78 3.3397778527249245E-05
14 78 4.0804434479611446E-05
18 78 5.0444857447791365E-05
22 78 6.3162378361246633E-05
26 78 8.0168499380632802E-05
30 78 0.00010320658802667419
34 78 0.00013476201430645903
38 78 0.0001782696964647285
42 78 0.00023812480626726762
46 78 0.00031894904115871311
50 78 0.00042295536240248728
54 78 0.00054405797560947474
58 78 0.00066029522983899027
62 78 0.00073444379770544672
66 78 0.00073444379770544682
70 78 0.00066029522983899027
74 78 0.00054405797560947474
78 78 0.00042295536240248728
82 78 0.00031894904115871311
86 78 0.00023812480626726762
90 78 0.0001782696964647285
94 78 0.00013476201430645903
98 78 0.00010320658802667419
102 78 8.0168499380632802E-05
106 78 6.3162378361246633E-05
110 78 5.0444857447791365E-05
114 78 4.0804434479611439E-05
118 78 3.3397778527249238E-05
122 78 2.763344079987507E-05
126 78 2.3092278525975174E-05

2 82 2.2088228239727447E-05
6 82 2.6285525492836911E-05
10 82 3.1559664795111437E-05
14 82 3.8255010335090618E-05
18 82 4.6843772877891161E-05
22 82 5.7975935076225814E-05
26 82 7.2544912463292819E-05
30 82 9.1765725535824711E-05
34 82 0.0001172459770823726
38 82 0.00015098784833339851
42 82 0.00019516783897966078
46 82 0.00025138580088449112
50 82 0.00031894904115871311
54 82 0.00039210166715053453
58 82 0.00045774358393403501
62 82 0.00049763614803194334
66 82 0.00049763614803194334
70 82 0.00045774358393403501
74 82 0.00039210166715053453
78 82 0.00031894904115871311
82 82 0.00025138580088449107
86 82 0.00019516783897966081
90 82 0.00015098784833339851
94 82 0.0001172459770823726
98 82 9.1765725535824697E-05
102 82 7.2544912463292819E-05
106 82 5.7975935076225814E-05
110 82 4.6843772877891168E-05
114 82 3.8255010335090618E-05
118 82 3.1559664795111437E-05
122 82 2.6285525492836911E-05
126 82 2.2088228239727444E-05

2 86 2.0931753775495675E-05
6 86 2.4748449624947376E-05
10 86 2.9488266131825165E-05
14 86 3.5422239207025187E-05
18 86 4.2909514175692595E-05
22 86 5.2424035914003222E-05
26 86 6.4583664863823855E-05
30 86 8.0173096451365645E-05
34 86 0.00010013850469923395
38 86 0.00012550577728697533
42 86 0.00015713290485395138
46 86 0.00019516783897966081
50 86 0.00023812480626726762
54 86 0.00028178982690129603
58 86 0.0003188309217572875
62 86 0.00034047290933130532
66 86 0.00034047290933130532
70 86 0.0003188309217572875
74 86 0.00028178982690129598
78 86 0.00023812480626726762
82 86 0.00019516783897966081
86 86 0.00015713290485395138
90 86 0.00012550577728697533
94 86 0.00010013850469923395
98 86 8.0173096451365645E-05
102 86 6.4583664863823855E-05
106 86 5.2424035914003222E-05
110 86 4.2909514175692588E-05
114 86 3.5422239207025187E-05
118 86 2.9488266131825165E-05
122 86 2.4748449624947376E-05
126 86 2.0931753775495675E-05

2 90 1.9671649551225976E-05
6 90 2.3092545571116545E-05
10 90 2.7286222096003405E-05
14 90 3.2457628302285773E-05
18 90 3.8867834693049019E-05
22 90 4.6844955965819675E-05
26 90 5.6791012711151751E-05
30 90 6.9176155581952733E-05
34 90 8.4503543316365545E-05
38 90 0.00010321622390056079
42 90 0.00012550577728697533
46 90 0.00015098784833339853
50 90 0.0001782696964647285
54 90 0.00020459251265779929
58 90 0.00022594425411348284
62 90 0.00023804342710158797
66 90 0.00023804342710158797
70 90 0.00022594425411348289
74 90 0.00020459251265779929
78 90 0.0001782696964647285
82 90 0.00015098784833339851
86 90 0.00012550577728697533
90 90 0.00010321622390056079
94 90 8.4503543316365531E-05
98 90 6.9176155581952733E-05
102 90 5.6791012711151751E-05
106 90 4.6844955965819675E-05
110 90 3.8867834693049019E-05
114 90 3.245762830228578E-05
118 90 2.7286222096003399E-05
122 90 2.3092545571116545E-05
126 90 1.9671649551225976E-05

2 94 1.8353961974616937E-05
6 94 2.1382150101628768E-05
10 94 2.5043955034717512E-05
14 94 2.94886264006081E-05
18 94 3.4897970178426326E-05
22 94 4.1488013714921234E-05
26 94 4.9504692060938524E-05
30 94 5.9207241604698126E-05
34 94 7.0829225075893452E-05
38 94 8.4503543316365545E-05
42 94 0.00010013850469923395
46 94 0.0001172459770823726
50 94 0.00013476201430645901
54 94 0.00015096622322679406
58 94 0.00016365729183750335
62 94 0.00017068208208280997
66 94 0.00017068208208280997
70 94 0.00016365729183750335
74 94 0.00015096622322679406
78 94 0.00013476201430645901
82 94 0.0001172459770823726
86 94 0.00010013850469923395
90 94 8.4503543316365531E-05
94 94 7.0829225075893452E-05
98 94 5.9207241604698126E-05
102 94 4.9504692060938524E-05
106 94 4.1488013714921234E-05
110 94 3.4897970178426333E-05
114 94 2.94886264006081E-05
118 94 2.5043955034717512E-05
122 94 2.1382150101628771E-05
126 94 1.835396197461694E-05

2 98 1.7019189439849239E-05
6 98 1.9671775562918837E-05
10 98 2.2834654970008464E-05
14 98 2.6612642489731436E-05
18 98 3.1127085601609523E-05
22 98 3.6512987829032683E-05
26 98 4.2910606760860828E-05
30 98 5.0447677484765804E-05
34 98 5.9207241604698139E-05
38 98 6.917615558195272E-05
42 98 8.0173096451365645E-05
46 98 9.1765725535824711E-05
50 98 0.0001032065880266742
54 98 0.00011344024220429541
58 98 0.0001212386474149617
62 98 0.00012547823935499483
66 98 0.00012547823935499483
70 98 0.0001212386474149617
74 98 0.00011344024220429541
78 98 0.0001032065880266742
82 98 9.1765725535824697E-05
86 98 8.0173096451365645E-05
90 98 6.917615558195272E-05
94 98 5.9207241604698126E-05
98 98 5.0447677484765818E-05
102 98 4.2910606760860828E-05
106 98 3.6512987829032683E-05
110 98 3.1127085601609523E-05
114 98 2.6612642489731436E-05
118 98 2.2834654970008464E-05
122 98 1.9671775562918837E-05
126 98 1.7019189439849239E-05

2 102 1.5700718928617741E-05
6 102 1.8004377170713694E-05
10 102 2.0712800343208056E-05
14 102 2.3896951350620111E-05
18 102 2.7634252428861671E-05
22 102 3.2004106193367211E-05
26 102 3.7079200570558414E-05
30 102 4.2910606760860821E-05
34 102 4.9504692060938524E-05
38 102 5.6791012711151751E-05
42 102 6.4583664863823855E-05
46 102 7.2544912463292819E-05
50 102 8.0168499380632802E-05
54 102 8.6806299036147646E-05
58 102 9.1756942757290983E-05
62 102 9.4411127530010411E-05
66 102 9.4411127530010411E-05
70 102 9.1756942757290983E-05
74 102 8.6806299036147646E-05
78 102 8.0168499380632802E-05
82 102 7.2544912463292819E-05
86 102 6.4583664863823855E-05
90 102 5.6791012711151751E-05
94 102 4.9504692060938524E-05
98 102 4.2910606760860828E-05
102 102 3.7079200570558414E-05
106 102 3.2004106193367211E-05
110 102 2.7634252428861674E-05
114 102 2.3896951350620111E-05
118 102 2.0712800343208053E-05
122 102 1.8004377170713694E-05
126 102 1.5700718928617737E-05

2 106 1.4424350660795198E-05
6 106 1.6411312452453792E-05
10 106 1.8715249114140729E-05
14 106 2.1382333287884344E-05
18 106 2.4459391601077663E-05
22 106 2.798939764234181E-05
26 106 3.2004106193367211E-05
30 106 3.6512987829032683E-05
34 106 4.1488013714921234E-05
38 106 4.6844955965819669E-05
42 106 5.2424035914003222E-05
46 106 5.7975935076225807E-05
50 106 6.3162378361246633E-05
54 106 6.7581257324359306E-05
58 106 7.0821332177531919E-05
62 106 7.2539594366529834E-05
66 106 7.2539594366529834E-05
70 106 7.0821332177531932E-05
74 106 6.7581257324359306E-05
78 106 6.3162378361246633E-05
82 106 5.7975935076225807E-05
86 106 5.2424035914003222E-05
90 106 4.6844955965819675E-05
94 106 4.1488013714921241E-05
98 106 3.6512987829032683E-05
102 106 3.2004106193367211E-05
106 106 2.798939764234181E-05
110 106 2.4459391601077663E-05
114 106 2.1382333287884344E-05
118 106 1.8715249114140729E-05
122 106 1.6411312452453788E-05
126 106 1.4424350660795195E-05

2 110 1.3208635445093064E-05
6 110 1.4913436306430827E-05
10 110 1.6863817990174684E-05
14 110 1.9088422148217063E-05
18 110 2.1613565395192529E-05
22 110 2.445939160107766E-05
26 110 2.7634252428861671E-05
30 110 3.1127085601609523E-05
34 110 3.4897970178426326E-05
38 110 3.8867834693049019E-05
42 110 4.2909514175692595E-05
46 110 4.6843772877891161E-05
50 110 5.0444857447791358E-05
54 110 5.3459501924053295E-05
58 110 5.5640030938568252E-05
62 110 5.6786447625625017E-05
66 110 5.6786447625625017E-05
70 110 5.5640030938568252E-05
74 110 5.3459501924053295E-05
78 110 5.0444857447791365E-05
82 110 4.6843772877891161E-05
86 110 4.2909514175692588E-05
90 110 3.8867834693049019E-05
94 110 3.4897970178426333E-05
98 110 3.1127085601609523E-05
102 110 2.7634252428861674E-05
106 110 2.445939160107766E-05
110 110 2.1613565395192525E-05
114 110 1.9088422148217063E-05
118 110 1.6863817990174684E-05
122 110 1.4913436306430827E-05
126 110 1.3208635445093064E-05

2 114 1.2065721921631823E-05
6 114 1.3522798106103865E-05
10 114 1.5168442457916938E-05
14 114 1.7019293263881123E-05
18 114 1.9088422148217063E-05
22 114 2.1382333287884344E-05
26 114 2.3896951350620115E-05
30 114 2.6612642489731436E-05
34 114 2.94886264006081E-05
38 114 3.245762830228578E-05
42 114 3.5422239207025187E-05
46 114 3.8255010335090611E-05
50 114 4.0804434479611439E-05
54 114 4.2908203114032087E-05
58 114 4.4413205629034948E-05
62 114 4.5198991783063089E-05
66 114 4.5198991783063075E-05
70 114 4.4413205629034955E-05
74 114 4.2908203114032094E-05
78 114 4.0804434479611452E-05
82 114 3.8255010335090618E-05
86 114 3.5422239207025187E-05
90 114 3.2457628302285773E-05
94 114 2.94886264006081E-05
98 114 2.6612642489731436E-05
102 114 2.3896951350620111E-05
106 114 2.1382333287884344E-05
110 114 1.9088422148217063E-05
114 114 1.7019293263881123E-05
118 114 1.5168442457916935E-05
122 114 1.3522798106103865E-05
126 114 1.2065721921631823E-05

2 118 1.100244882934936E-05
6 118 1.2244524276626246E-05
10 118 1.3630296321706196E-05
14 118 1.5168442457916935E-05
18 118 1.6863817990174684E-05
22 118 1.8715249114140729E-05
26 118 2.0712800343208053E-05
30 118 2.2834654970008464E-05
34 118 2.5043955034717512E-05
38 118 2.7286222096003405E-05
42 118 2.9488266131825165E-05
46 118 3.1559664795111437E-05
50 118 3.3397778527249238E-05
54 118 3.4896687374935277E-05
58 118 3.595936381177875E-05
62 118 3.6511085056898797E-05
66 118 3.6511085056898797E-05
70 118 3.595936381177875E-05
74 118 3.4896687374935277E-05
78 118 3.3397778527249238E-05
82 118 3.1559664795111437E-05
86 118 2.9488266131825165E-05
90 118 2.7286222096003399E-05
94 118 2.5043955034717512E-05
98 118 2.2834654970008464E-05
102 118 2.0712800343208053E-05
106 118 1.8715249114140729E-05
110 118 1.6863817990174684E-05
114 118 1.5168442457916935E-05
118 118 1.3630296321706196E-05
122 118 1.2244524276626246E-05
126 118 1.1002448829349359E-05

2 122 1.0021485075385651E-05
6 122 1.1078611957584397E-05
10 122 1.2244524276626246E-05
14 122 1.3522798106103865E-05
18 122 1.4913436306430823E-05
22 122 1.6411312452453788E-05
26 122 1.800437717071369E-05
30 122 1.9671775562918837E-05
34 122 2.1382150101628768E-05
38 122 2.3092545571116545E-05
42 122 2.4748449624947376E-05
46 122 2.6285525492836911E-05
50 122 2.763344079987507E-05
54 122 2.8721813537915496E-05
58 122 2.9487711881645037E-05
62 122 2.9883513723069142E-05
66 122 2.9883513723069145E-05
70 122 2.9487711881645037E-05
74 122 2.8721813537915489E-05
78 122 2.763344079987507E-05
82 122 2.6285525492836911E-05
86 122 2.4748449624947376E-05
90 122 2.3092545571116545E-05
94 122 2.1382150101628771E-05
98 122 1.9671775562918837E-05
102 122 1.8004377170713694E-05
106 122 1.6411312452453788E-05
110 122 1.4913436306430823E-05
114 122 1.3522798106103865E-05
118 122 1.2244524276626246E-05
122 122 1.1078611957584397E-05
126 122 1.0021485075385651E-05

2 126 9.1223912998194646E-06
6 126 1.0021485075385651E-05
10 126 1.1002448829349359E-05
14 126 1.2065721921631823E-05
18 126 1.3208635445093066E-05
22 126 1.4424350660795198E-05
26 126 1.5700718928617741E-05
30 126 1.7019189439849239E-05
34 126 1.835396197461694E-05
38 126 1.9671649551225976E-05
42 126 2.0931753775495675E-05
46 126 2.2088228239727447E-05
50 126 2.309227852597517E-05
54 126 2.3896309303611633E-05
58 126 2.4458612618438385E-05
62 126 2.4748084706887694E-05
66 126 2.4748084706887694E-05
70 126 2.4458612618438388E-05
74 126 2.3896309303611633E-05
78 126 2.3092278525975174E-05
82 126 2.2088228239727444E-05
86 126 2.0931753775495675E-05
90 126 1.9671649551225976E-05
94 126 1.835396197461694E-05
98 126 1.7019189439849239E-05
102 126 1.5700718928617737E-05
106 126 1.4424350660795198E-05
110 126 1.3208635445093066E-05
114 126 1.2065721921631823E-05
118 126 1.1002448829349359E-05
122 126 1.0021485075385651E-05
126 126 9.1223912998194646E-06

EOD

plot $gravity using 1:2:3 with image
