reset
set terminal qt enhanced persist
set terminal svg enhanced 

unset key
set size ratio -1
set title "Gravity anomaly"
set xlabel "x [m]"
set ylabel "y [m]"
set xrange [0:128]
set yrange [0:128]
set palette rgb 33,13,10
set colorbox
set cblabel "mGal"
#set cbrange [-0.018211597448337096:0.018211597448337096]

$gravity << EOD
# x y value
2 2 1.9021341068089389E-06
6 2 2.0953469160228339E-06
10 2 2.3071506023157276E-06
14 2 2.5378736615083252E-06
18 2 2.7871791468183627E-06
22 2 3.0538120799030157E-06
26 2 3.3353193952248913E-06
30 2 3.6277700274692072E-06
34 2 3.9255212061406617E-06
38 2 4.2210960972465737E-06
42 2 4.505251067839853E-06
46 2 4.7673083907138457E-06
50 2 4.9958019935015702E-06
54 2 5.1794247289616728E-06
58 2 5.3081823907963339E-06
62 2 5.3745751016959167E-06
66 2 5.3745751016959159E-06
70 2 5.3081823907963339E-06
74 2 5.1794247289616736E-06
78 2 4.9958019935015702E-06
82 2 4.7673083907138466E-06
86 2 4.5052510678398522E-06
90 2 4.2210960972465737E-06
94 2 3.9255212061406608E-06
98 2 3.627770027469208E-06
102 2 3.3353193952248913E-06
106 2 3.0538120799030157E-06
110 2 2.7871791468183627E-06
114 2 2.5378736615083252E-06
118 2 2.3071506023157267E-06
122 2 2.0953469160228339E-06
126 2 1.9021341068089389E-06

2 6 2.0953469160228339E-06
6 6 2.3236381696502011E-06
10 6 2.5767880801260152E-06
14 6 2.8559406128992423E-06
18 6 3.1614938376651662E-06
22 6 3.4927307155939621E-06
26 6 3.8473787776573748E-06
30 6 4.2211286826602611E-06
34 6 4.6071739018864392E-06
38 6 4.9958731349005714E-06
42 6 5.3746736802061049E-06
46 6 5.728449522631496E-06
50 6 6.040378259985554E-06
54 6 6.2933867016803882E-06
58 6 6.4720384866130622E-06
62 6 6.5645580647515166E-06
66 6 6.5645580647515166E-06
70 6 6.4720384866130631E-06
74 6 6.2933867016803882E-06
78 6 6.0403782599855531E-06
82 6 5.728449522631496E-06
86 6 5.3746736802061049E-06
90 6 4.9958731349005706E-06
94 6 4.6071739018864392E-06
98 6 4.2211286826602611E-06
102 6 3.8473787776573748E-06
106 6 3.4927307155939621E-06
110 6 3.1614938376651666E-06
114 6 2.8559406128992423E-06
118 6 2.5767880801260152E-06
122 6 2.3236381696502011E-06
126 6 2.0953469160228339E-06

2 10 2.3071506023157267E-06
6 10 2.5767880801260148E-06
10 10 2.879491776481478E-06
14 10 3.2177316598984443E-06
18 10 3.5932231273752677E-06
22 10 4.0064072704914991E-06
26 10 4.4557818803432822E-06
30 10 4.9371041288906715E-06
34 10 5.442537882242652E-06
38 10 5.9598934685164783E-06
42 10 6.4721940788213437E-06
46 10 6.957869443087325E-06
50 10 7.3918712182975583E-06
54 10 7.7478676274645776E-06
58 10 8.0013840009026971E-06
62 10 8.133371792354087E-06
66 10 8.133371792354087E-06
70 10 8.0013840009026971E-06
74 10 7.7478676274645776E-06
78 10 7.3918712182975566E-06
82 10 6.957869443087325E-06
86 10 6.4721940788213437E-06
90 10 5.9598934685164783E-06
94 10 5.442537882242652E-06
98 10 4.9371041288906715E-06
102 10 4.4557818803432822E-06
106 10 4.0064072704914983E-06
110 10 3.5932231273752668E-06
114 10 3.2177316598984439E-06
118 10 2.879491776481478E-06
122 10 2.5767880801260148E-06
126 10 2.3071506023157267E-06

2 14 2.5378736615083252E-06
6 14 2.8559406128992419E-06
10 14 3.2177316598984443E-06
14 14 3.627796234397972E-06
18 14 4.090078358141311E-06
22 14 4.6072219909367126E-06
26 14 5.1795969388964328E-06
30 14 5.8040293490589741E-06
34 14 6.4722952159709386E-06
38 14 7.1695656600164463E-06
42 14 7.8731758943454305E-06
46 14 8.5522819564671434E-06
50 14 9.1690654505080773E-06
54 14 9.6819932826232263E-06
58 14 1.0051116873327332E-05
62 14 1.0244562586579003E-05
66 14 1.0244562586579001E-05
70 14 1.0051116873327332E-05
74 14 9.6819932826232263E-06
78 14 9.1690654505080773E-06
82 14 8.5522819564671451E-06
86 14 7.8731758943454305E-06
90 14 7.1695656600164463E-06
94 14 6.4722952159709386E-06
98 14 5.8040293490589741E-06
102 14 5.1795969388964328E-06
106 14 4.6072219909367126E-06
110 14 4.090078358141311E-06
114 14 3.627796234397972E-06
118 14 3.2177316598984443E-06
122 14 2.8559406128992423E-06
126 14 2.5378736615083252E-06

2 18 2.7871791468183627E-06
6 18 3.1614938376651666E-06
10 18 3.5932231273752677E-06
14 18 4.0900783581413119E-06
18 18 4.6596184324071435E-06
22 18 5.3083923171774803E-06
26 18 6.0406027566370464E-06
30 18 6.856180576481686E-06
34 18 7.7482430938771875E-06
38 18 8.7001098558037121E-06
42 18 9.6824001793997171E-06
46 18 1.0651209268429583E-05
50 18 1.1548775596202694E-05
54 18 1.2308044957925489E-05
58 18 1.2861678312632818E-05
62 18 1.3154242522837841E-05
66 18 1.3154242522837843E-05
70 18 1.2861678312632818E-05
74 18 1.2308044957925489E-05
78 18 1.1548775596202694E-05
82 18 1.0651209268429583E-05
86 18 9.6824001793997171E-06
90 18 8.7001098558037121E-06
94 18 7.7482430938771875E-06
98 18 6.856180576481686E-06
102 18 6.0406027566370464E-06
106 18 5.3083923171774803E-06
110 18 4.6596184324071444E-06
114 18 4.0900783581413119E-06
118 18 3.5932231273752668E-06
122 18 3.1614938376651662E-06
126 18 2.7871791468183623E-06

2 22 3.0538120799030157E-06
6 22 3.492730715593963E-06
10 22 4.0064072704914991E-06
14 22 4.6072219909367126E-06
18 22 5.3083923171774795E-06
22 22 6.1230548458619774E-06
26 22 7.0625978808755346E-06
30 22 8.1339354940210796E-06
34 22 9.3354523567380895E-06
38 22 1.0651586743513144E-05
42 22 1.2046606693745023E-05
46 22 1.3459161735031227E-05
50 22 1.4800465339699747E-05
54 22 1.595971686329151E-05
58 22 1.681929748181507E-05
62 22 1.7278425838500055E-05
66 22 1.7278425838500055E-05
70 22 1.681929748181507E-05
74 22 1.595971686329151E-05
78 22 1.4800465339699747E-05
82 22 1.3459161735031227E-05
86 22 1.2046606693745023E-05
90 22 1.0651586743513142E-05
94 22 9.3354523567380912E-06
98 22 8.1339354940210796E-06
102 22 7.0625978808755346E-06
106 22 6.1230548458619774E-06
110 22 5.3083923171774803E-06
114 22 4.6072219909367126E-06
118 22 4.0064072704914991E-06
122 22 3.4927307155939621E-06
126 22 3.0538120799030157E-06

2 26 3.3353193952248913E-06
6 26 3.8473787776573748E-06
10 26 4.4557818803432822E-06
14 26 5.1795969388964336E-06
18 26 6.0406027566370464E-06
22 26 7.0625978808755346E-06
26 26 8.2696667004687071E-06
30 26 9.6827392744719308E-06
34 26 1.1313625146921888E-05
38 26 1.3155800343557922E-05
42 26 1.5171979537064471E-05
46 26 1.7280432541293727E-05
50 26 1.9345291513566628E-05
54 26 2.117955692902539E-05
58 26 2.2569638840396453E-05
62 26 2.3322654713437881E-05
66 26 2.3322654713437878E-05
70 26 2.2569638840396453E-05
74 26 2.117955692902539E-05
78 26 1.9345291513566628E-05
82 26 1.7280432541293727E-05
86 26 1.5171979537064471E-05
90 26 1.3155800343557922E-05
94 26 1.1313625146921888E-05
98 26 9.6827392744719308E-06
102 26 8.2696667004687071E-06
106 26 7.0625978808755346E-06
110 26 6.0406027566370464E-06
114 26 5.1795969388964336E-06
118 26 4.4557818803432822E-06
122 26 3.8473787776573748E-06
126 26 3.3353193952248913E-06

2 30 3.6277700274692072E-06
6 30 4.2211286826602611E-06
10 30 4.9371041288906715E-06
14 30 5.8040293490589741E-06
18 30 6.856180576481686E-06
22 30 8.1339354940210796E-06
26 30 9.6827392744719291E-06
30 30 1.1549697908564787E-05
34 30 1.3775962019408648E-05
38 30 1.6382495717029759E-05
42 30 1.9347109012190814E-05
46 30 2.2573358829652144E-05
50 30 2.5859116290191365E-05
54 30 2.8884111856916372E-05
58 30 3.1244012153271419E-05
62 30 3.2546924482225172E-05
66 30 3.2546924482225178E-05
70 30 3.1244012153271419E-05
74 30 2.8884111856916365E-05
78 30 2.5859116290191365E-05
82 30 2.2573358829652144E-05
86 30 1.9347109012190814E-05
90 30 1.6382495717029759E-05
94 30 1.3775962019408648E-05
98 30 1.1549697908564786E-05
102 30 9.6827392744719291E-06
106 30 8.1339354940210796E-06
110 30 6.856180576481686E-06
114 30 5.804029349058975E-06
118 30 4.9371041288906715E-06
122 30 4.2211286826602611E-06
126 30 3.627770027469208E-06

2 34 3.9255212061406617E-06
6 34 4.6071739018864392E-06
10 34 5.442537882242652E-06
14 34 6.4722952159709394E-06
18 34 7.7482430938771875E-06
22 34 9.3354523567380895E-06
26 34 1.1313625146921888E-05
30 34 1.3775962019408648E-05
34 34 1.682224416938583E-05
38 34 2.0540468966361597E-05
42 34 2.4969044417110317E-05
46 34 3.0032499601043898E-05
50 34 3.5455383900905889E-05
54 34 4.0690299866177291E-05
58 34 4.4938998138631801E-05
62 34 4.7347640454957696E-05
66 34 4.7347640454957689E-05
70 34 4.4938998138631801E-05
74 34 4.0690299866177291E-05
78 34 3.5455383900905889E-05
82 34 3.0032499601043898E-05
86 34 2.4969044417110317E-05
90 34 2.0540468966361597E-05
94 34 1.682224416938583E-05
98 34 1.3775962019408648E-05
102 34 1.1313625146921888E-05
106 34 9.3354523567380895E-06
110 34 7.7482430938771875E-06
114 34 6.4722952159709394E-06
118 34 5.442537882242652E-06
122 34 4.6071739018864392E-06
126 34 3.9255212061406617E-06

2 38 4.2210960972465737E-06
6 38 4.9958731349005714E-06
10 38 5.9598934685164783E-06
14 38 7.1695656600164463E-06
18 38 8.7001098558037121E-06
22 38 1.0651586743513142E-05
26 38 1.3155800343557922E-05
30 38 1.6382495717029759E-05
34 38 2.0540468966361597E-05
38 38 2.5863476562559224E-05
42 38 3.2561033384411381E-05
46 38 4.070300251387319E-05
50 38 5.0010983309645951E-05
54 38 5.9592156620920993E-05
58 38 6.7812771728118483E-05
62 38 7.2654638472582434E-05
66 38 7.2654638472582434E-05
70 38 6.7812771728118483E-05
74 38 5.9592156620920993E-05
78 38 5.0010983309645958E-05
82 38 4.0703002513873197E-05
86 38 3.2561033384411387E-05
90 38 2.5863476562559224E-05
94 38 2.0540468966361597E-05
98 38 1.6382495717029759E-05
102 38 1.3155800343557922E-05
106 38 1.0651586743513142E-05
110 38 8.7001098558037121E-06
114 38 7.1695656600164463E-06
118 38 5.9598934685164783E-06
122 38 4.9958731349005714E-06
126 38 4.2210960972465737E-06

2 42 4.505251067839853E-06
6 42 5.3746736802061049E-06
10 42 6.4721940788213437E-06
14 42 7.8731758943454305E-06
18 42 9.6824001793997171E-06
22 42 1.2046606693745023E-05
26 42 1.5171979537064468E-05
30 42 1.9347109012190814E-05
34 42 2.4969044417110317E-05
38 42 3.2561033384411387E-05
42 42 4.2747451478387928E-05
46 42 5.6103203260781742E-05
50 42 7.2728989819481707E-05
54 42 9.1431011151138023E-05
58 42 0.0001088279529148416
62 42 0.00011968182964489252
66 42 0.00011968182964489252
70 42 0.0001088279529148416
74 42 9.1431011151138023E-05
78 42 7.2728989819481707E-05
82 42 5.6103203260781742E-05
86 42 4.2747451478387928E-05
90 42 3.2561033384411387E-05
94 42 2.4969044417110317E-05
98 42 1.9347109012190814E-05
102 42 1.5171979537064471E-05
106 42 1.2046606693745024E-05
110 42 9.6824001793997171E-06
114 42 7.8731758943454305E-06
118 42 6.4721940788213437E-06
122 42 5.3746736802061049E-06
126 42 4.505251067839853E-06

2 46 4.7673083907138457E-06
6 46 5.7284495226314969E-06
10 46 6.957869443087325E-06
14 46 8.5522819564671434E-06
18 46 1.0651209268429583E-05
22 46 1.3459161735031227E-05
26 46 1.7280432541293727E-05
30 46 2.2573358829652144E-05
34 46 3.0032499601043898E-05
38 46 4.070300251387319E-05
42 46 5.6103203260781742E-05
46 46 7.8225511782281488E-05
50 46 0.00010898784388162302
54 46 0.00014819431998930096
58 46 0.00018940478042906721
62 46 0.00021757239492075213
66 46 0.00021757239492075213
70 46 0.00018940478042906721
74 46 0.00014819431998930096
78 46 0.00010898784388162302
82 46 7.8225511782281488E-05
86 46 5.6103203260781742E-05
90 46 4.070300251387319E-05
94 46 3.0032499601043898E-05
98 46 2.2573358829652144E-05
102 46 1.7280432541293727E-05
106 46 1.3459161735031227E-05
110 46 1.0651209268429583E-05
114 46 8.5522819564671451E-06
118 46 6.957869443087325E-06
122 46 5.7284495226314969E-06
126 46 4.7673083907138457E-06

2 50 4.9958019935015702E-06
6 50 6.040378259985554E-06
10 50 7.3918712182975583E-06
14 50 9.1690654505080773E-06
18 50 1.1548775596202695E-05
22 50 1.4800465339699747E-05
26 50 1.9345291513566628E-05
30 50 2.5859116290191365E-05
34 50 3.5455383900905889E-05
38 50 5.0010983309645951E-05
42 50 7.2728989819481707E-05
46 50 0.00010898784388162302
50 50 0.00016699319622049804
54 50 0.00025522805335400874
58 50 0.00036773794217004509
62 50 0.00045737783051291514
66 50 0.00045737783051291514
70 50 0.00036773794217004514
74 50 0.00025522805335400874
78 50 0.00016699319622049807
82 50 0.00010898784388162302
86 50 7.2728989819481707E-05
90 50 5.0010983309645958E-05
94 50 3.5455383900905889E-05
98 50 2.5859116290191365E-05
102 50 1.9345291513566628E-05
106 50 1.4800465339699751E-05
110 50 1.1548775596202695E-05
114 50 9.1690654505080756E-06
118 50 7.3918712182975566E-06
122 50 6.0403782599855531E-06
126 50 4.9958019935015702E-06

2 54 5.1794247289616728E-06
6 54 6.2933867016803882E-06
10 54 7.7478676274645776E-06
14 54 9.6819932826232246E-06
18 54 1.2308044957925489E-05
22 54 1.595971686329151E-05
26 54 2.117955692902539E-05
30 54 2.8884111856916365E-05
34 54 4.0690299866177291E-05
38 54 5.9592156620920993E-05
42 54 9.1431011151138023E-05
46 54 0.00014819431998930096
50 54 0.00025522805335400874
54 54 0.00046281891112801238
58 54 0.00082738632562172592
62 54 0.0012103053123762458
66 54 0.0012103053123762458
70 54 0.00082738632562172592
74 54 0.00046281891112801238
78 54 0.00025522805335400874
82 54 0.00014819431998930096
86 54 9.1431011151138023E-05
90 54 5.9592156620920993E-05
94 54 4.0690299866177291E-05
98 54 2.8884111856916365E-05
102 54 2.117955692902539E-05
106 54 1.595971686329151E-05
110 54 1.2308044957925489E-05
114 54 9.6819932826232246E-06
118 54 7.7478676274645776E-06
122 54 6.2933867016803882E-06
126 54 5.1794247289616728E-06

2 58 5.3081823907963339E-06
6 58 6.4720384866130622E-06
10 58 8.0013840009026971E-06
14 58 1.0051116873327332E-05
18 58 1.2861678312632818E-05
22 58 1.681929748181507E-05
26 58 2.2569638840396453E-05
30 58 3.1244012153271419E-05
34 58 4.4938998138631801E-05
38 58 6.7812771728118483E-05
42 58 0.0001088279529148416
46 58 0.00018940478042906721
50 58 0.00036773794217004509
54 58 0.00082738632562172592
58 58 0.0021832177508698362
62 58 0.0046784477789798707
66 58 0.0046784477789798707
70 58 0.0021832177508698362
74 58 0.00082738632562172592
78 58 0.00036773794217004509
82 58 0.00018940478042906721
86 58 0.0001088279529148416
90 58 6.7812771728118483E-05
94 58 4.4938998138631808E-05
98 58 3.1244012153271419E-05
102 58 2.2569638840396453E-05
106 58 1.681929748181507E-05
110 58 1.2861678312632819E-05
114 58 1.0051116873327332E-05
118 58 8.0013840009026971E-06
122 58 6.4720384866130622E-06
126 58 5.3081823907963339E-06

2 62 5.3745751016959167E-06
6 62 6.5645580647515174E-06
10 62 8.1333717923540887E-06
14 62 1.0244562586579003E-05
18 62 1.3154242522837843E-05
22 62 1.7278425838500058E-05
26 62 2.3322654713437881E-05
30 62 3.2546924482225172E-05
34 62 4.7347640454957689E-05
38 62 7.2654638472582434E-05
42 62 0.00011968182964489252
46 62 0.00021757239492075218
50 62 0.00045737783051291514
54 62 0.0012103053123762458
58 62 0.0046784477789798707
62 62 0.018211597448337096
66 62 0.018211597448337096
70 62 0.0046784477789798716
74 62 0.0012103053123762458
78 62 0.00045737783051291514
82 62 0.00021757239492075213
86 62 0.00011968182964489252
90 62 7.2654638472582434E-05
94 62 4.7347640454957689E-05
98 62 3.2546924482225172E-05
102 62 2.3322654713437878E-05
106 62 1.7278425838500055E-05
110 62 1.3154242522837843E-05
114 62 1.0244562586579003E-05
118 62 8.1333717923540887E-06
122 62 6.5645580647515174E-06
126 62 5.3745751016959167E-06

2 66 5.3745751016959159E-06
6 66 6.5645580647515174E-06
10 66 8.133371792354087E-06
14 66 1.0244562586579001E-05
18 66 1.3154242522837843E-05
22 66 1.7278425838500058E-05
26 66 2.3322654713437878E-05
30 66 3.2546924482225172E-05
34 66 4.7347640454957689E-05
38 66 7.2654638472582434E-05
42 66 0.00011968182964489252
46 66 0.00021757239492075213
50 66 0.00045737783051291514
54 66 0.0012103053123762458
58 66 0.0046784477789798707
62 66 0.018211597448337096
66 66 0.018211597448337096
70 66 0.0046784477789798707
74 66 0.0012103053123762458
78 66 0.00045737783051291514
82 66 0.00021757239492075213
86 66 0.00011968182964489252
90 66 7.2654638472582434E-05
94 66 4.7347640454957689E-05
98 66 3.2546924482225172E-05
102 66 2.3322654713437878E-05
106 66 1.7278425838500058E-05
110 66 1.3154242522837843E-05
114 66 1.0244562586579001E-05
118 66 8.133371792354087E-06
122 66 6.5645580647515166E-06
126 66 5.3745751016959159E-06

2 70 5.3081823907963339E-06
6 70 6.4720384866130631E-06
10 70 8.0013840009026971E-06
14 70 1.0051116873327332E-05
18 70 1.2861678312632818E-05
22 70 1.681929748181507E-05
26 70 2.2569638840396453E-05
30 70 3.1244012153271419E-05
34 70 4.4938998138631801E-05
38 70 6.7812771728118483E-05
42 70 0.00010882795291484163
46 70 0.00018940478042906721
50 70 0.00036773794217004514
54 70 0.00082738632562172592
58 70 0.0021832177508698362
62 70 0.0046784477789798716
66 70 0.0046784477789798707
70 70 0.0021832177508698367
74 70 0.00082738632562172592
78 70 0.00036773794217004503
82 70 0.00018940478042906721
86 70 0.00010882795291484163
90 70 6.7812771728118483E-05
94 70 4.4938998138631801E-05
98 70 3.1244012153271419E-05
102 70 2.2569638840396456E-05
106 70 1.681929748181507E-05
110 70 1.2861678312632819E-05
114 70 1.0051116873327332E-05
118 70 8.0013840009026971E-06
122 70 6.4720384866130631E-06
126 70 5.3081823907963339E-06

2 74 5.1794247289616736E-06
6 74 6.2933867016803882E-06
10 74 7.7478676274645759E-06
14 74 9.6819932826232263E-06
18 74 1.2308044957925489E-05
22 74 1.595971686329151E-05
26 74 2.117955692902539E-05
30 74 2.8884111856916365E-05
34 74 4.0690299866177291E-05
38 74 5.9592156620920993E-05
42 74 9.1431011151138023E-05
46 74 0.00014819431998930096
50 74 0.00025522805335400874
54 74 0.00046281891112801238
58 74 0.00082738632562172592
62 74 0.0012103053123762458
66 74 0.0012103053123762458
70 74 0.00082738632562172592
74 74 0.00046281891112801238
78 74 0.00025522805335400874
82 74 0.00014819431998930096
86 74 9.1431011151138023E-05
90 74 5.9592156620920993E-05
94 74 4.0690299866177298E-05
98 74 2.8884111856916365E-05
102 74 2.117955692902539E-05
106 74 1.595971686329151E-05
110 74 1.2308044957925489E-05
114 74 9.6819932826232246E-06
118 74 7.7478676274645759E-06
122 74 6.2933867016803882E-06
126 74 5.1794247289616736E-06

2 78 4.9958019935015702E-06
6 78 6.040378259985554E-06
10 78 7.3918712182975566E-06
14 78 9.1690654505080773E-06
18 78 1.1548775596202694E-05
22 78 1.4800465339699747E-05
26 78 1.9345291513566628E-05
30 78 2.5859116290191365E-05
34 78 3.5455383900905889E-05
38 78 5.0010983309645958E-05
42 78 7.2728989819481721E-05
46 78 0.00010898784388162302
50 78 0.00016699319622049807
54 78 0.00025522805335400874
58 78 0.00036773794217004509
62 78 0.00045737783051291514
66 78 0.00045737783051291514
70 78 0.00036773794217004514
74 78 0.00025522805335400874
78 78 0.00016699319622049804
82 78 0.00010898784388162302
86 78 7.2728989819481721E-05
90 78 5.0010983309645958E-05
94 78 3.5455383900905889E-05
98 78 2.5859116290191365E-05
102 78 1.9345291513566628E-05
106 78 1.4800465339699751E-05
110 78 1.1548775596202694E-05
114 78 9.1690654505080773E-06
118 78 7.3918712182975566E-06
122 78 6.040378259985554E-06
126 78 4.9958019935015702E-06

2 82 4.7673083907138466E-06
6 82 5.728449522631496E-06
10 82 6.957869443087325E-06
14 82 8.5522819564671417E-06
18 82 1.0651209268429583E-05
22 82 1.3459161735031227E-05
26 82 1.7280432541293727E-05
30 82 2.2573358829652144E-05
34 82 3.0032499601043898E-05
38 82 4.0703002513873197E-05
42 82 5.6103203260781742E-05
46 82 7.8225511782281515E-05
50 82 0.00010898784388162302
54 82 0.00014819431998930096
58 82 0.00018940478042906721
62 82 0.00021757239492075213
66 82 0.00021757239492075213
70 82 0.00018940478042906721
74 82 0.00014819431998930096
78 82 0.00010898784388162301
82 82 7.8225511782281502E-05
86 82 5.6103203260781742E-05
90 82 4.070300251387319E-05
94 82 3.0032499601043898E-05
98 82 2.2573358829652144E-05
102 82 1.7280432541293727E-05
106 82 1.3459161735031227E-05
110 82 1.0651209268429583E-05
114 82 8.5522819564671434E-06
118 82 6.957869443087325E-06
122 82 5.7284495226314969E-06
126 82 4.7673083907138466E-06

2 86 4.505251067839853E-06
6 86 5.3746736802061049E-06
10 86 6.4721940788213445E-06
14 86 7.8731758943454305E-06
18 86 9.6824001793997171E-06
22 86 1.2046606693745023E-05
26 86 1.5171979537064468E-05
30 86 1.9347109012190814E-05
34 86 2.4969044417110317E-05
38 86 3.2561033384411387E-05
42 86 4.2747451478387928E-05
46 86 5.6103203260781742E-05
50 86 7.2728989819481707E-05
54 86 9.1431011151138023E-05
58 86 0.00010882795291484163
62 86 0.00011968182964489252
66 86 0.00011968182964489252
70 86 0.00010882795291484163
74 86 9.1431011151138023E-05
78 86 7.2728989819481707E-05
82 86 5.6103203260781742E-05
86 86 4.2747451478387921E-05
90 86 3.2561033384411381E-05
94 86 2.4969044417110317E-05
98 86 1.9347109012190814E-05
102 86 1.5171979537064468E-05
106 86 1.2046606693745024E-05
110 86 9.6824001793997171E-06
114 86 7.8731758943454305E-06
118 86 6.4721940788213437E-06
122 86 5.3746736802061049E-06
126 86 4.505251067839853E-06

2 90 4.2210960972465737E-06
6 90 4.9958731349005714E-06
10 90 5.9598934685164774E-06
14 90 7.1695656600164463E-06
18 90 8.7001098558037121E-06
22 90 1.0651586743513142E-05
26 90 1.3155800343557922E-05
30 90 1.6382495717029759E-05
34 90 2.0540468966361597E-05
38 90 2.5863476562559224E-05
42 90 3.2561033384411387E-05
46 90 4.070300251387319E-05
50 90 5.0010983309645958E-05
54 90 5.9592156620920993E-05
58 90 6.7812771728118483E-05
62 90 7.2654638472582434E-05
66 90 7.2654638472582434E-05
70 90 6.7812771728118483E-05
74 90 5.9592156620920993E-05
78 90 5.0010983309645958E-05
82 90 4.070300251387319E-05
86 90 3.2561033384411381E-05
90 90 2.5863476562559224E-05
94 90 2.0540468966361597E-05
98 90 1.6382495717029759E-05
102 90 1.3155800343557924E-05
106 90 1.0651586743513142E-05
110 90 8.7001098558037104E-06
114 90 7.1695656600164463E-06
118 90 5.9598934685164783E-06
122 90 4.9958731349005714E-06
126 90 4.2210960972465737E-06

2 94 3.9255212061406617E-06
6 94 4.6071739018864392E-06
10 94 5.442537882242652E-06
14 94 6.4722952159709386E-06
18 94 7.7482430938771875E-06
22 94 9.3354523567380912E-06
26 94 1.1313625146921888E-05
30 94 1.3775962019408648E-05
34 94 1.682224416938583E-05
38 94 2.0540468966361597E-05
42 94 2.4969044417110317E-05
46 94 3.0032499601043898E-05
50 94 3.5455383900905889E-05
54 94 4.0690299866177291E-05
58 94 4.4938998138631808E-05
62 94 4.7347640454957689E-05
66 94 4.7347640454957689E-05
70 94 4.4938998138631801E-05
74 94 4.0690299866177298E-05
78 94 3.5455383900905889E-05
82 94 3.0032499601043898E-05
86 94 2.4969044417110317E-05
90 94 2.0540468966361597E-05
94 94 1.682224416938583E-05
98 94 1.3775962019408648E-05
102 94 1.1313625146921888E-05
106 94 9.3354523567380912E-06
110 94 7.7482430938771875E-06
114 94 6.4722952159709394E-06
118 94 5.442537882242652E-06
122 94 4.6071739018864392E-06
126 94 3.9255212061406617E-06

2 98 3.6277700274692072E-06
6 98 4.2211286826602611E-06
10 98 4.9371041288906715E-06
14 98 5.8040293490589741E-06
18 98 6.856180576481686E-06
22 98 8.1339354940210796E-06
26 98 9.6827392744719308E-06
30 98 1.1549697908564786E-05
34 98 1.3775962019408648E-05
38 98 1.6382495717029759E-05
42 98 1.9347109012190814E-05
46 98 2.2573358829652144E-05
50 98 2.5859116290191365E-05
54 98 2.8884111856916365E-05
58 98 3.1244012153271419E-05
62 98 3.2546924482225172E-05
66 98 3.2546924482225178E-05
70 98 3.1244012153271419E-05
74 98 2.8884111856916372E-05
78 98 2.5859116290191365E-05
82 98 2.2573358829652144E-05
86 98 1.9347109012190814E-05
90 98 1.6382495717029759E-05
94 98 1.3775962019408648E-05
98 98 1.1549697908564786E-05
102 98 9.6827392744719308E-06
106 98 8.1339354940210796E-06
110 98 6.8561805764816877E-06
114 98 5.8040293490589741E-06
118 98 4.9371041288906715E-06
122 98 4.2211286826602611E-06
126 98 3.627770027469208E-06

2 102 3.3353193952248913E-06
6 102 3.8473787776573748E-06
10 102 4.4557818803432814E-06
14 102 5.1795969388964328E-06
18 102 6.0406027566370464E-06
22 102 7.0625978808755346E-06
26 102 8.2696667004687071E-06
30 102 9.6827392744719291E-06
34 102 1.1313625146921888E-05
38 102 1.3155800343557922E-05
42 102 1.5171979537064471E-05
46 102 1.7280432541293727E-05
50 102 1.9345291513566628E-05
54 102 2.117955692902539E-05
58 102 2.2569638840396456E-05
62 102 2.3322654713437878E-05
66 102 2.3322654713437878E-05
70 102 2.2569638840396456E-05
74 102 2.117955692902539E-05
78 102 1.9345291513566628E-05
82 102 1.7280432541293727E-05
86 102 1.5171979537064471E-05
90 102 1.3155800343557924E-05
94 102 1.1313625146921888E-05
98 102 9.6827392744719308E-06
102 102 8.2696667004687071E-06
106 102 7.0625978808755346E-06
110 102 6.0406027566370464E-06
114 102 5.1795969388964336E-06
118 102 4.4557818803432822E-06
122 102 3.8473787776573748E-06
126 102 3.3353193952248913E-06

2 106 3.0538120799030157E-06
6 106 3.492730715593963E-06
10 106 4.0064072704914991E-06
14 106 4.6072219909367126E-06
18 106 5.3083923171774803E-06
22 106 6.1230548458619774E-06
26 106 7.0625978808755346E-06
30 106 8.1339354940210796E-06
34 106 9.3354523567380895E-06
38 106 1.0651586743513142E-05
42 106 1.2046606693745024E-05
46 106 1.3459161735031227E-05
50 106 1.4800465339699747E-05
54 106 1.595971686329151E-05
58 106 1.681929748181507E-05
62 106 1.7278425838500055E-05
66 106 1.7278425838500055E-05
70 106 1.681929748181507E-05
74 106 1.595971686329151E-05
78 106 1.4800465339699747E-05
82 106 1.3459161735031227E-05
86 106 1.2046606693745024E-05
90 106 1.0651586743513142E-05
94 106 9.3354523567380895E-06
98 106 8.1339354940210796E-06
102 106 7.0625978808755346E-06
106 106 6.1230548458619774E-06
110 106 5.3083923171774803E-06
114 106 4.6072219909367126E-06
118 106 4.0064072704914991E-06
122 106 3.492730715593963E-06
126 106 3.0538120799030157E-06

2 110 2.7871791468183627E-06
6 110 3.1614938376651666E-06
10 110 3.5932231273752668E-06
14 110 4.090078358141311E-06
18 110 4.6596184324071444E-06
22 110 5.3083923171774803E-06
26 110 6.0406027566370464E-06
30 110 6.856180576481686E-06
34 110 7.7482430938771875E-06
38 110 8.7001098558037121E-06
42 110 9.6824001793997171E-06
46 110 1.0651209268429583E-05
50 110 1.1548775596202697E-05
54 110 1.2308044957925489E-05
58 110 1.2861678312632816E-05
62 110 1.3154242522837843E-05
66 110 1.3154242522837843E-05
70 110 1.2861678312632816E-05
74 110 1.2308044957925489E-05
78 110 1.1548775596202697E-05
82 110 1.0651209268429583E-05
86 110 9.6824001793997171E-06
90 110 8.7001098558037104E-06
94 110 7.7482430938771875E-06
98 110 6.856180576481686E-06
102 110 6.0406027566370464E-06
106 110 5.3083923171774803E-06
110 110 4.6596184324071435E-06
114 110 4.090078358141311E-06
118 110 3.5932231273752668E-06
122 110 3.1614938376651662E-06
126 110 2.7871791468183627E-06

2 114 2.5378736615083252E-06
6 114 2.8559406128992419E-06
10 114 3.2177316598984439E-06
14 114 3.627796234397972E-06
18 114 4.0900783581413119E-06
22 114 4.6072219909367126E-06
26 114 5.1795969388964336E-06
30 114 5.804029349058975E-06
34 114 6.4722952159709394E-06
38 114 7.1695656600164463E-06
42 114 7.8731758943454305E-06
46 114 8.5522819564671417E-06
50 114 9.1690654505080756E-06
54 114 9.6819932826232246E-06
58 114 1.0051116873327332E-05
62 114 1.0244562586579003E-05
66 114 1.0244562586579001E-05
70 114 1.0051116873327332E-05
74 114 9.6819932826232263E-06
78 114 9.1690654505080773E-06
82 114 8.5522819564671434E-06
86 114 7.8731758943454305E-06
90 114 7.1695656600164463E-06
94 114 6.4722952159709394E-06
98 114 5.8040293490589741E-06
102 114 5.1795969388964336E-06
106 114 4.6072219909367126E-06
110 114 4.0900783581413119E-06
114 114 3.627796234397972E-06
118 114 3.2177316598984439E-06
122 114 2.8559406128992419E-06
126 114 2.5378736615083247E-06

2 118 2.3071506023157276E-06
6 118 2.5767880801260152E-06
10 118 2.879491776481478E-06
14 118 3.2177316598984443E-06
18 118 3.5932231273752668E-06
22 118 4.0064072704914991E-06
26 118 4.4557818803432822E-06
30 118 4.9371041288906715E-06
34 118 5.442537882242652E-06
38 118 5.9598934685164783E-06
42 118 6.4721940788213437E-06
46 118 6.957869443087325E-06
50 118 7.3918712182975566E-06
54 118 7.7478676274645759E-06
58 118 8.0013840009026971E-06
62 118 8.133371792354087E-06
66 118 8.133371792354087E-06
70 118 8.0013840009026971E-06
74 118 7.7478676274645759E-06
78 118 7.3918712182975566E-06
82 118 6.957869443087325E-06
86 118 6.4721940788213437E-06
90 118 5.9598934685164783E-06
94 118 5.442537882242652E-06
98 118 4.9371041288906715E-06
102 118 4.4557818803432822E-06
106 118 4.0064072704914983E-06
110 118 3.5932231273752668E-06
114 118 3.2177316598984443E-06
118 118 2.879491776481478E-06
122 118 2.5767880801260156E-06
126 118 2.3071506023157272E-06

2 122 2.0953469160228339E-06
6 122 2.3236381696502011E-06
10 122 2.5767880801260156E-06
14 122 2.8559406128992423E-06
18 122 3.1614938376651662E-06
22 122 3.4927307155939621E-06
26 122 3.8473787776573748E-06
30 122 4.2211286826602611E-06
34 122 4.6071739018864392E-06
38 122 4.9958731349005714E-06
42 122 5.3746736802061049E-06
46 122 5.7284495226314969E-06
50 122 6.0403782599855531E-06
54 122 6.2933867016803882E-06
58 122 6.4720384866130631E-06
62 122 6.5645580647515174E-06
66 122 6.5645580647515166E-06
70 122 6.4720384866130631E-06
74 122 6.2933867016803882E-06
78 122 6.040378259985554E-06
82 122 5.728449522631496E-06
86 122 5.3746736802061049E-06
90 122 4.9958731349005714E-06
94 122 4.6071739018864392E-06
98 122 4.2211286826602611E-06
102 122 3.8473787776573748E-06
106 122 3.492730715593963E-06
110 122 3.1614938376651666E-06
114 122 2.8559406128992419E-06
118 122 2.5767880801260148E-06
122 122 2.3236381696502011E-06
126 122 2.0953469160228339E-06

2 126 1.9021341068089389E-06
6 126 2.0953469160228339E-06
10 126 2.3071506023157272E-06
14 126 2.5378736615083252E-06
18 126 2.7871791468183623E-06
22 126 3.0538120799030157E-06
26 126 3.3353193952248913E-06
30 126 3.6277700274692072E-06
34 126 3.9255212061406617E-06
38 126 4.2210960972465737E-06
42 126 4.505251067839853E-06
46 126 4.7673083907138466E-06
50 126 4.9958019935015702E-06
54 126 5.1794247289616728E-06
58 126 5.3081823907963339E-06
62 126 5.3745751016959159E-06
66 126 5.3745751016959159E-06
70 126 5.3081823907963339E-06
74 126 5.1794247289616736E-06
78 126 4.995801993501571E-06
82 126 4.7673083907138466E-06
86 126 4.505251067839853E-06
90 126 4.2210960972465737E-06
94 126 3.9255212061406625E-06
98 126 3.6277700274692072E-06
102 126 3.3353193952248913E-06
106 126 3.0538120799030157E-06
110 126 2.7871791468183627E-06
114 126 2.5378736615083252E-06
118 126 2.3071506023157272E-06
122 126 2.0953469160228339E-06
126 126 1.9021341068089389E-06

EOD

set output "./gravity_anomaly.svg"
plot $gravity using 1:2:3 with image

